d100	V1st100	V100	
3.724000E-1	5.493200E-4	8.732130E-5
4.096400E+0	5.493200E-4	8.708290E-5
8.192800E+0	4.882850E-4	8.690400E-5
1.228920E+1	3.662130E-4	8.678480E-5
1.601320E+1	2.441420E-4	8.684440E-5
2.010960E+1	9.155320E-5	8.690400E-5
2.420600E+1	-3.051780E-5	8.726170E-5
2.830240E+1	-1.220710E-4	8.785770E-5
3.239880E+1	-2.441420E-4	8.851340E-5
3.649520E+1	-3.051780E-4	8.922860E-5
4.059160E+1	-3.967300E-4	9.024190E-5
4.431560E+1	-4.272480E-4	9.107640E-5
4.841200E+1	-4.577660E-4	9.214920E-5
5.213600E+1	-4.577660E-4	9.375860E-5
5.623240E+1	-4.577660E-4	9.530830E-5
6.070120E+1	-4.272480E-4	9.679840E-5
6.442520E+1	-3.662130E-4	9.870580E-5
6.889400E+1	-3.051780E-4	1.002550E-4
7.261800E+1	-2.441420E-4	1.015070E-4
7.671440E+1	-1.525890E-4	1.036530E-4
8.081080E+1	-6.103560E-5	1.057390E-4
8.490720E+1	6.103560E-5	1.081230E-4
8.900360E+1	2.136240E-4	1.103880E-4
9.310000E+1	3.356950E-4	1.127130E-4
9.719640E+1	4.882850E-4	1.152760E-4
1.016652E+2	6.408730E-4	1.178980E-4
1.053892E+2	7.934610E-4	1.204610E-4
1.098580E+2	9.155310E-4	1.230250E-4
1.139544E+2	1.037610E-3	1.255880E-4
1.180508E+2	1.159680E-3	1.277340E-4
1.221472E+2	1.281750E-3	1.298790E-4
1.262436E+2	1.373300E-3	1.322040E-4
1.299676E+2	1.434330E-3	1.339330E-4
1.340640E+2	1.495370E-3	1.361980E-4
1.381604E+2	1.525890E-3	1.378660E-4
1.422568E+2	1.525890E-3	1.394160E-4
1.463532E+2	1.525890E-3	1.413830E-4
1.500772E+2	1.495370E-3	1.426940E-4
1.541736E+2	1.464850E-3	1.437080E-4
1.582700E+2	1.403820E-3	1.452570E-4
1.623664E+2	1.312260E-3	1.465090E-4
1.664628E+2	1.220710E-3	1.473440E-4
1.701868E+2	1.129160E-3	1.478800E-4
1.742832E+2	1.007090E-3	1.482380E-4
1.783796E+2	8.544960E-4	1.487150E-4
1.824760E+2	7.324260E-4	1.492510E-4
1.862000E+2	5.798380E-4	1.496680E-4
1.902964E+2	4.272480E-4	1.495490E-4
1.943928E+2	3.051780E-4	1.490720E-4
1.984892E+2	1.525890E-4	1.485360E-4
2.025856E+2	3.051780E-5	1.479400E-4
2.066820E+2	-9.155320E-5	1.470460E-4
2.104060E+2	-2.136240E-4	1.462710E-4
2.148748E+2	-3.051780E-4	1.454960E-4
2.185988E+2	-3.967300E-4	1.446020E-4
2.226952E+2	-4.577660E-4	1.432310E-4
2.267916E+2	-5.188030E-4	1.416810E-4
2.308880E+2	-5.188030E-4	1.405490E-4
2.349844E+2	-5.188030E-4	1.388800E-4
2.387084E+2	-5.188030E-4	1.370320E-4
2.428048E+2	-4.882850E-4	1.354820E-4
2.469012E+2	-4.272480E-4	1.334560E-4
2.509976E+2	-3.662130E-4	1.314890E-4
2.550940E+2	-2.746600E-4	1.297010E-4
2.588180E+2	-1.831060E-4	1.273760E-4
2.629144E+2	-6.103560E-5	1.255280E-4
2.670108E+2	6.103560E-5	1.230250E-4
2.711072E+2	2.136240E-4	1.212360E-4
2.752036E+2	3.662130E-4	1.189710E-4
2.793000E+2	4.882850E-4	1.166470E-4
2.833964E+2	6.408730E-4	1.145010E-4
2.874928E+2	7.934610E-4	1.122360E-4
2.912168E+2	9.155310E-4	1.101500E-4
2.953132E+2	1.068120E-3	1.078250E-4
2.997820E+2	1.190190E-3	1.052030E-4
3.035060E+2	1.312260E-3	1.034150E-4
3.079748E+2	1.403820E-3	1.006730E-4
3.116988E+2	1.464850E-3	9.870580E-5
3.157952E+2	1.525890E-3	9.644080E-5
3.198916E+2	1.556400E-3	9.435460E-5
3.236156E+2	1.586920E-3	9.238770E-5
3.280844E+2	1.586920E-3	9.000350E-5
3.325532E+2	1.556400E-3	8.845380E-5
3.362772E+2	1.495370E-3	8.630800E-5
3.403736E+2	1.464850E-3	8.457950E-5
3.440976E+2	1.373300E-3	8.314890E-5
3.481940E+2	1.281750E-3	8.171840E-5
3.522904E+2	1.159680E-3	8.022830E-5
3.563868E+2	1.037610E-3	7.921500E-5
3.600044E+2	9.155310E-4	7.778450E-5
d100	V1st100	V100	
3.724000E-1	5.310810E-4	8.940740E-5
4.096400E+0	5.235710E-4	8.946700E-5
8.565200E+0	4.644410E-4	8.949680E-5
1.228920E+1	3.545300E-4	8.943720E-5
1.675800E+1	2.142200E-4	8.952660E-5
2.048200E+1	8.428140E-5	8.985450E-5
2.457840E+1	-3.969690E-5	9.045050E-5
2.867480E+1	-1.487740E-4	9.107640E-5
3.239880E+1	-2.429490E-4	9.188100E-5
3.649520E+1	-3.253240E-4	9.301350E-5
4.059160E+1	-3.918430E-4	9.438440E-5
4.468800E+1	-4.407190E-4	9.590430E-5
4.878440E+1	-4.671830E-4	9.748390E-5
5.250840E+1	-4.743360E-4	9.918260E-5
5.660480E+1	-4.615800E-4	1.010600E-4
6.070120E+1	-4.303470E-4	1.030570E-4
6.442520E+1	-3.833790E-4	1.051430E-4
6.852160E+1	-3.297350E-4	1.071400E-4
7.224560E+1	-2.653620E-4	1.089880E-4
7.634200E+1	-1.760730E-4	1.112230E-4
8.043840E+1	-7.140680E-5	1.136960E-4
8.453480E+1	4.696870E-5	1.162300E-4
8.825880E+1	1.789340E-4	1.188820E-4
9.272760E+1	3.130450E-4	1.214450E-4
9.682400E+1	4.614610E-4	1.242770E-4
1.009204E+2	6.046330E-4	1.270180E-4
1.050168E+2	7.509030E-4	1.299090E-4
1.087408E+2	8.872780E-4	1.326810E-4
1.128372E+2	1.014480E-3	1.353030E-4
1.169336E+2	1.133090E-3	1.378070E-4
1.206576E+2	1.236090E-3	1.401310E-4
1.247540E+2	1.328590E-3	1.426050E-4
1.288504E+2	1.407750E-3	1.449890E-4
1.325744E+2	1.468430E-3	1.471950E-4
1.366708E+2	1.510270E-3	1.492810E-4
1.407672E+2	1.534350E-3	1.513370E-4
1.448636E+2	1.538640E-3	1.533040E-4
1.485876E+2	1.524220E-3	1.550920E-4
1.526840E+2	1.490000E-3	1.567910E-4
1.567804E+2	1.435880E-3	1.583110E-4
1.605044E+2	1.362210E-3	1.596220E-4
1.646008E+2	1.276140E-3	1.607840E-4
1.686972E+2	1.175290E-3	1.617680E-4
1.727936E+2	1.051670E-3	1.627510E-4
1.768900E+2	9.264980E-4	1.634370E-4
1.809864E+2	7.906000E-4	1.639730E-4
1.847104E+2	6.512440E-4	1.643310E-4
1.888068E+2	5.012790E-4	1.645400E-4
1.929032E+2	3.566760E-4	1.644500E-4
1.969996E+2	2.191080E-4	1.642710E-4
2.007236E+2	8.559270E-5	1.639730E-4
2.048200E+2	-4.351160E-5	1.634370E-4
2.089164E+2	-1.581920E-4	1.627810E-4
2.126404E+2	-2.592820E-4	1.619770E-4
2.167368E+2	-3.507160E-4	1.609930E-4
2.208332E+2	-4.265330E-4	1.598310E-4
2.249296E+2	-4.829190E-4	1.585790E-4
2.286536E+2	-5.186830E-4	1.571780E-4
2.327500E+2	-5.370420E-4	1.555390E-4
2.368464E+2	-5.341810E-4	1.538700E-4
2.409428E+2	-5.103390E-4	1.519930E-4
2.450392E+2	-4.645600E-4	1.500560E-4
2.491356E+2	-4.022140E-4	1.481180E-4
2.528596E+2	-3.240130E-4	1.461220E-4
2.569560E+2	-2.287640E-4	1.440060E-4
2.610524E+2	-1.171830E-4	1.419490E-4
2.647764E+2	4.291560E-6	1.397140E-4
2.688728E+2	1.353030E-4	1.375390E-4
2.729692E+2	2.722760E-4	1.352140E-4
2.770656E+2	4.218840E-4	1.328300E-4
2.811620E+2	5.652940E-4	1.304750E-4
2.852584E+2	7.171670E-4	1.280020E-4
2.893548E+2	8.581910E-4	1.255880E-4
2.930788E+2	9.963590E-4	1.231440E-4
2.971752E+2	1.125340E-3	1.207300E-4
3.012716E+2	1.240020E-3	1.183160E-4
3.049956E+2	1.341710E-3	1.159610E-4
3.090920E+2	1.432660E-3	1.134580E-4
3.131884E+2	1.510030E-3	1.108950E-4
3.176572E+2	1.560700E-3	1.086000E-4
3.213812E+2	1.590970E-3	1.063650E-4
3.254776E+2	1.601230E-3	1.042790E-4
3.295740E+2	1.590740E-3	1.023420E-4
3.332980E+2	1.560930E-3	1.005240E-4
3.373944E+2	1.511940E-3	9.879520E-5
3.411184E+2	1.445780E-3	9.715600E-5
3.455872E+2	1.357800E-3	9.566590E-5
3.496836E+2	1.249560E-3	9.429500E-5
3.537800E+2	1.134280E-3	9.325190E-5
3.578764E+2	1.012450E-3	9.241750E-5
3.600044E+2	8.758340E-4	9.173200E-5
